0,0,0,0,0
0,0,0,0,0
2, 6.31, 12.71, 31.83, 63.66
3, 2.92,  4.30,  6.96,  9.93
4, 2.35,  3.18,  4.54,  5.84
5, 2.13,  2.78,  3.75,  4.60
6, 2.02,  2.57,  3.37,  4.03
7, 1.94,  2.45,  3.14,  3.71
8, 1.90,  2.37,  3.00,  3.50
9, 1.86,  2.31,  2.90,  3.36
10, 1.83,  2.26,  2.82,  3.25
11, 1.81,  2.23,  2.76,  3.17
12, 1.80,  2.20,  2.72,  3.11
13, 1.78,  2.18,  2.68,  3.06
14, 1.77,  2.16,  2.65,  3.01
15, 1.76,  2.15,  2.62,  2.98
16, 1.75,  2.13,  2.60,  2.95
17, 1.75,  2.12,  2.58,  2.92
18, 1.74,  2.11,  2.57,  2.90
19, 1.73,  2.10,  2.55,  2.88
20, 1.73,  2.09,  2.54,  2.86
21, 1.645,  1.960,  2.326,  2.612